-9.758579544723033905e-03
-5.157853942364454269e-03
6.563250790350139141e-04
1.081797992810606956e-03
3.509314730763435364e-03
8.849817328155040741e-03
1.101857237517833710e-02
1.393783185631036758e-02
1.704683341085910797e-02
2.002320438623428345e-02
2.139177545905113220e-02
2.904741652309894562e-02
2.979602478444576263e-02
3.500982746481895447e-02
3.893661871552467346e-02
4.049147292971611023e-02
4.321282356977462769e-02
4.840062931180000305e-02
5.052424967288970947e-02
5.314707756042480469e-02
5.556374788284301758e-02
5.919483676552772522e-02
6.169157102704048157e-02
6.276668608188629150e-02
6.524264067411422729e-02
6.705621629953384399e-02
6.959541887044906616e-02
7.271623611450195312e-02
7.654942572116851807e-02
7.988604903221130371e-02
8.352837711572647095e-02
8.599568903446197510e-02
8.934011310338973999e-02
9.176849573850631714e-02
9.417948871850967407e-02
9.734208136796951294e-02
9.939315170049667358e-02
1.019553616642951965e-01
1.033487096428871155e-01
1.056886240839958191e-01
1.072308272123336792e-01
1.099884733557701111e-01
1.122095510363578796e-01
1.167230680584907532e-01
1.170404627919197083e-01
1.173440515995025635e-01
1.190903708338737488e-01
1.201218739151954651e-01
1.207836344838142395e-01
1.220982372760772705e-01
1.233120113611221313e-01
1.257930099964141846e-01
1.274292021989822388e-01
1.293138116598129272e-01
1.309330910444259644e-01
1.343142241239547729e-01
1.352433562278747559e-01
1.360251754522323608e-01
1.367267519235610962e-01
1.361644864082336426e-01
1.389710605144500732e-01
1.410352587699890137e-01
1.441828906536102295e-01
1.497833132743835449e-01
1.553845703601837158e-01
1.626964211463928223e-01
1.669780611991882324e-01
1.733348816633224487e-01
1.779201030731201172e-01
1.859788894653320312e-01
1.915162801742553711e-01
1.964286565780639648e-01
1.991313248872756958e-01
2.019778788089752197e-01
2.057220339775085449e-01
2.097839117050170898e-01
2.103027701377868652e-01
2.149113267660140991e-01
2.199036180973052979e-01
2.194915711879730225e-01
2.203691601753234863e-01
2.226064801216125488e-01
2.246348261833190918e-01
2.261985540390014648e-01
2.273148596286773682e-01
2.307910025119781494e-01
2.306359410285949707e-01
2.317122370004653931e-01
2.347705811262130737e-01
2.356501370668411255e-01
2.378517538309097290e-01
2.390188723802566528e-01
2.407300621271133423e-01
2.410465925931930542e-01
2.415055036544799805e-01
2.445650249719619751e-01
2.438286393880844116e-01
2.458643168210983276e-01
2.463997006416320801e-01
2.487757354974746704e-01
2.484486103057861328e-01
2.502264380455017090e-01
2.519186735153198242e-01
2.517400383949279785e-01
2.506241798400878906e-01
2.553724348545074463e-01
2.548136711120605469e-01
2.562485039234161377e-01
2.625760138034820557e-01
2.599757015705108643e-01
2.658509612083435059e-01
2.644309997558593750e-01
2.814380526542663574e-01
2.717641890048980713e-01
2.708374261856079102e-01
2.746121585369110107e-01
2.685812413692474365e-01
2.708244919776916504e-01
2.695675492286682129e-01
2.684254348278045654e-01
2.707703113555908203e-01
2.734139561653137207e-01
2.747943401336669922e-01
2.767629325389862061e-01
2.782212495803833008e-01
2.821688354015350342e-01
2.813363373279571533e-01
2.849319875240325928e-01
2.859840989112854004e-01
2.844532430171966553e-01
2.863812148571014404e-01
2.882276177406311035e-01
2.886585891246795654e-01
2.907936573028564453e-01
2.906178236007690430e-01
2.903817296028137207e-01
2.915061414241790771e-01
2.934710681438446045e-01
2.934073805809020996e-01
2.959204018115997314e-01
2.952484786510467529e-01
2.960554659366607666e-01
2.975188493728637695e-01
2.967863976955413818e-01
2.954706549644470215e-01
2.963892817497253418e-01
2.952345311641693115e-01
2.915093898773193359e-01
3.083184361457824707e-01
3.399120271205902100e-01
3.193158507347106934e-01
2.765069305896759033e-01
2.716136276721954346e-01
2.847203314304351807e-01
2.990332245826721191e-01
2.937007248401641846e-01
2.947518825531005859e-01
2.941554784774780273e-01
2.946726083755493164e-01
2.991171479225158691e-01
3.011057078838348389e-01
3.043689131736755371e-01
3.050963878631591797e-01
3.069573044776916504e-01
3.074077665805816650e-01
3.044620156288146973e-01
3.035885393619537354e-01
3.050746023654937744e-01
3.052386045455932617e-01
3.055745363235473633e-01
3.063168525695800781e-01
3.081279098987579346e-01
3.086603581905364990e-01
3.088131248950958252e-01
3.100678920745849609e-01
3.112115263938903809e-01
3.105574250221252441e-01
3.119661211967468262e-01
3.143555521965026855e-01
3.112689256668090820e-01
3.104751408100128174e-01
3.086488842964172363e-01
3.069252073764801025e-01
3.058772981166839600e-01
3.042466342449188232e-01
3.049750030040740967e-01
3.049654364585876465e-01
3.044416308403015137e-01
3.000640571117401123e-01
2.974483668804168701e-01
2.891256809234619141e-01
2.886811494827270508e-01
2.781761884689331055e-01
2.589252889156341553e-01
2.147618830204010010e-01
1.397371441125869751e-01
2.921771812438964844e+01
2.423007774353027344e+01
2.436424255371093750e+01
2.423328971862792969e+01
2.397656822204589844e+01
2.470990371704101562e+01
2.445154190063476562e+01
2.389390754699707031e+01
2.004938507080078125e+01
1.541971206665039062e+01
1.045671463012695312e+01
1.685410141944885254e+00
1.692701339721679688e+00
7.173187732696533203e-01
3.556686043739318848e-01
3.535784482955932617e-01
3.913952112197875977e-01
3.864100873470306396e-01
2.726927697658538818e-01
2.801877856254577637e-01
2.549296021461486816e-01
2.618140876293182373e-01
2.745187878608703613e-01
2.657263576984405518e-01
2.623702585697174072e-01
2.775292694568634033e-01
2.865894138813018799e-01
2.840228974819183350e-01
2.873488366603851318e-01
2.875643372535705566e-01
2.924828529357910156e-01
2.935672402381896973e-01
2.980494201183319092e-01
2.951151132583618164e-01
2.971050739288330078e-01
3.020325303077697754e-01
3.050722777843475342e-01
3.034195899963378906e-01
3.012474477291107178e-01
3.036547005176544189e-01
3.047036528587341309e-01
3.094403147697448730e-01
3.076570332050323486e-01
3.109869956970214844e-01
3.123005628585815430e-01
3.122501373291015625e-01
3.108913898468017578e-01
3.137644827365875244e-01
3.161217272281646729e-01
3.160111904144287109e-01
3.148264288902282715e-01
3.146409988403320312e-01
3.155036270618438721e-01
3.164744079113006592e-01
3.172628581523895264e-01
3.173701763153076172e-01
3.189449906349182129e-01
3.197209835052490234e-01
3.183135390281677246e-01
3.195137381553649902e-01
3.200548589229583740e-01
3.196281790733337402e-01
3.188418447971343994e-01
3.190362155437469482e-01
3.195619285106658936e-01
3.189771175384521484e-01
3.156076967716217041e-01
3.163573741912841797e-01
3.166661560535430908e-01
3.154584765434265137e-01
3.143848776817321777e-01
3.140652477741241455e-01
3.120059072971343994e-01
3.088204860687255859e-01
3.103068470954895020e-01
3.057487010955810547e-01
3.082856237888336182e-01
3.090538680553436279e-01
3.062734901905059814e-01
3.019550144672393799e-01
3.014074862003326416e-01
2.960225045680999756e-01
2.898724675178527832e-01
2.826741039752960205e-01
2.825883328914642334e-01
2.727190852165222168e-01
2.618680596351623535e-01
2.522757649421691895e-01
2.676835060119628906e-01
2.376128286123275757e-01
2.530674636363983154e-01
8.660779595375061035e-01
4.625564098358154297e+00
7.112394809722900391e+00
2.209471893310546875e+01
4.341904830932617188e+01
4.376123046875000000e+01
4.401510620117187500e+01
4.429808425903320312e+01
4.457411193847656250e+01
4.482904052734375000e+01
4.506301879882812500e+01
4.536178207397460938e+01
4.565364074707031250e+01
4.524562072753906250e+01
4.344727325439453125e+01
3.813328933715820312e+01
3.629986190795898438e+01
4.174722290039062500e+01
4.731314468383789062e+01
4.761782836914062500e+01
4.629565048217773438e+01
4.159884262084960938e+01
1.872686767578125000e+01
1.812366485595703125e+01
3.478554248809814453e+00
5.071250796318054199e-01
3.108986616134643555e-01
2.931879758834838867e-01
2.479640692472457886e-01
2.909313142299652100e-01
2.462788969278335571e-01
2.204340100288391113e-01
2.280970364809036255e-01
2.303891479969024658e-01
2.343682050704956055e-01
2.348171323537826538e-01
2.317136228084564209e-01
2.384677976369857788e-01
2.785774171352386475e-01
2.595754265785217285e-01
2.695584893226623535e-01
2.609337568283081055e-01
2.593050301074981689e-01
2.581282556056976318e-01
2.585570514202117920e-01
2.594906985759735107e-01
2.642431259155273438e-01
2.639483809471130371e-01
2.705987393856048584e-01
2.730737328529357910e-01
2.718179821968078613e-01
2.756543755531311035e-01
2.711961567401885986e-01
2.734079062938690186e-01
2.704644799232482910e-01
2.701946794986724854e-01
2.717174887657165527e-01
2.728070318698883057e-01
2.723554372787475586e-01
2.707082629203796387e-01
2.715595662593841553e-01
2.728315889835357666e-01
2.710580229759216309e-01
2.711552083492279053e-01
2.705730795860290527e-01
2.703714370727539062e-01
2.685278654098510742e-01
2.682673931121826172e-01
2.659455239772796631e-01
2.610113620758056641e-01
2.623689472675323486e-01
2.621733546257019043e-01
2.605120241641998291e-01
2.570631206035614014e-01
2.556413114070892334e-01
2.554983198642730713e-01
2.493931353092193604e-01
2.475416213274002075e-01
2.466404587030410767e-01
2.465646117925643921e-01
2.496080100536346436e-01
2.510986924171447754e-01
2.532976865768432617e-01
2.523853480815887451e-01
2.501791715621948242e-01
2.487083077430725098e-01
2.447311133146286011e-01
2.453299462795257568e-01
2.412059903144836426e-01
2.376998811960220337e-01
2.371254265308380127e-01
2.345628738403320312e-01
2.325962483882904053e-01
2.300650030374526978e-01
2.279499024152755737e-01
2.232888191938400269e-01
2.233501970767974854e-01
2.219897806644439697e-01
2.183001190423965454e-01
2.143524438142776489e-01
2.097492218017578125e-01
2.076799720525741577e-01
2.073146104812622070e-01
2.013381868600845337e-01
2.002114504575729370e-01
1.966936439275741577e-01
1.931581050157546997e-01
1.900794357061386108e-01
1.899479031562805176e-01
1.820750534534454346e-01
1.812892109155654907e-01
1.801805794239044189e-01
1.717577427625656128e-01
1.697128415107727051e-01
1.699038743972778320e-01
1.678089052438735962e-01
1.667590141296386719e-01
1.598653942346572876e-01
1.526994556188583374e-01
1.500569134950637817e-01
1.520465016365051270e-01
1.467132419347763062e-01
1.388308256864547729e-01
1.299592703580856323e-01
1.376592367887496948e-01
1.195058301091194153e-01
1.128744632005691528e-01
1.392594724893569946e-01
1.059520021080970764e-01
9.550655633211135864e-02
9.698344767093658447e-02
9.731836616992950439e-02
1.053492054343223572e-01
1.525842547416687012e-01
6.322520971298217773e-01
1.045073509216308594e+00
5.547770857810974121e-01
1.782630234956741333e-01
